decision, quantity, price, deposit, total
1, 1, 820.5, 125.0, 650.0
1, 1, 820.5, 125.0, 650.0
1, 1, 820.5, 125.0, 650.0
2, 1, 1270.0, 125.0, 1000.0
3, 4, 6242.0, 125.0, 1400.0
1, 1, 820.5, 125.0, 650.0
1, 1, 820.5, 125.0, 650.0
1, 1, 820.5, 125.0, 650.0
4, 2, 654.2, 125.0, 280.0
1, 2, 1516.0, 125.0, 650.0
1, 1, 125.0, 125.0
1, 2, 125.0, 125.0
4, 2, 125.0, 125.0
5, 3, 125.0, 125.0
1, 1, 125.0, 125.0
3, 1, 125.0, 125.0
1, 1, 820.5, 125.0, 650.0
1, 1, 820.5, 125.0, 650.0
3, 2, 125.0, 125.0
1, 1, 820.5, 125.0, 650.0
1, 1, 820.5, 125.0, 650.0
2, 1, 1270.0, 125.0, 1000.0
3, 2, 125.0, 125.0
